## ListNet
## Epochs = 1500
## No. of features = 22
1 2 3 4 5 6 7 8 9 10 11 12 13 14 15 16 17 18 19 20 21 22
0
0 0 -0.02533347354442633
0 1 0.09138494952481117
0 2 0.07426129119259604
0 3 -0.01143357280642213
0 4 -0.05607742547048278
0 5 0.03857099840729329
0 6 0.04757545724904173
0 7 0.06396942016720124
0 8 -0.060290608295335196
0 9 0.006952621277884597
0 10 -0.027686519672971685
0 11 0.05103982662625088
0 12 -0.13352363634371203
0 13 0.011788474798357231
0 14 -0.06151933853359434
0 15 0.042360583847488864
0 16 0.05461566841554443
0 17 -0.08801042837023644
0 18 -0.06788913314840339
0 19 0.04410973267675912
0 20 0.07888119663368014
0 21 0.05006499563392678
0 22 0.009226078167557716
