## RankNet
## Epochs = 100
## No. of features = 22
## No. of hidden layers = 1
## Layer 1: 10 neurons
1 2 3 4 5 6 7 8 9 10 11 12 13 14 15 16 17 18 19 20 21 22
1
10
0 0 40641.71583458818 40624.589622596264 -14151.503240554594 40689.10666798758 40946.46587985855 -14171.938919051981 41020.98383662242 -14328.539398093739 40871.35681788133 -14188.076592228277
0 1 3090.6723077048223 3089.4458196100136 -4461.083386353834 3098.8911509896916 3065.9680502147353 -4469.348176510705 3072.0247137849983 -4508.494277284105 3085.2960405380145 -4472.316822183357
0 2 90120.35480467045 90120.25556209838 -49224.05001963677 90174.85387877762 90384.15721299821 -49305.364194672875 90522.14500482647 -49732.44311429756 90368.20439056918 -49354.77235421286
0 3 25478.82867657437 25475.991839826176 -11245.920416722478 25498.77988110541 25564.548692004453 -11264.178362544317 25606.774653252585 -11359.902596171181 25550.121172736148 -11275.760023931238
0 4 52536.260977118225 52545.13300238273 -23963.829131098508 52556.163864398506 52925.78883600354 -24000.175894846638 53006.366782377845 -24221.807001894536 52696.989782385535 -24025.18413793158
0 5 -11308.02721649193 -11313.889237494393 7859.797073964934 -11305.986790020472 -11297.253916657346 7872.734461848434 -11313.047363956386 7939.047072908291 -11305.908470061944 7880.940794926325
0 6 51573.55165407374 51586.20688061534 -23767.491801196815 51591.10450726221 52011.512278387934 -23806.246026925586 52089.93871759437 -24022.411925007294 51730.44028734247 -23830.41626115072
0 7 -5002.322508830448 -5006.591007445681 7790.210846301799 -5002.044386493325 -4179.464654581684 7802.504285362829 -4186.570392139047 7862.400890669245 -4679.11303039676 7810.371671524833
0 8 20705.814302785355 20708.348624078055 -6103.553731055302 20716.389789354536 21394.005969077167 -6114.198386367001 21427.35225743864 -6172.578463680968 21199.787320340485 -6120.289500355446
0 9 11306.383218085843 11304.369062716905 -2185.160899829911 11315.271010365914 12009.248664767942 -2188.8533700952175 12027.122619537737 -2212.5620608185936 11594.905141638741 -2190.8063243671695
0 10 17053.00470096281 16960.63102691688 -12803.103981931592 17172.7167957998 17708.773647407023 -12825.389204353647 17762.591588372885 -12936.72127691031 17395.53001637259 -12837.969407607385
0 11 64030.02187506439 64030.46829925817 -34542.34705212117 64068.462112513065 64246.428108484295 -34599.48071855791 64343.65202454422 -34900.53130602785 64234.08617684589 -34633.820194148495
0 12 774637.385559374 774623.6228537511 -471768.99184401584 775135.9387884857 776785.8537636932 -472542.9641251039 778023.5285073598 -476563.0896283241 776546.8349862739 -473021.82616447785
0 13 -4970.280667918295 -4949.447715391765 -2000.845227840495 -4995.258556667276 -5144.109275233228 -2000.109168159206 -5160.2740212401495 -1974.9393968110894 -5097.318642637122 -2001.1520960373143
0 14 -9261.745503756605 -9238.57929889673 1576.4725384102633 -9293.244676548004 -9455.855029488483 1581.854243770833 -9480.513424952658 1642.7714437790921 -9397.976246232329 1585.00383186308
0 15 -52877.86355435075 -52891.49082832621 35572.208934904724 -52895.298157567726 -52932.55207277712 35638.823942885145 -53014.84693257509 35921.59691020026 -52936.148001458474 35672.606300183375
0 16 -7281.989645488755 -7257.004900867301 -347.22338697086934 -7313.7934473823125 -7480.698889973454 -345.1500134932432 -7502.2084855942885 -299.1464624341531 -7420.723205439745 -344.05439996895757
0 17 5069.432528230305 5025.0953187856285 281.5213032510539 5125.065538724842 5381.358897920333 276.78284517468535 5407.397586760636 248.73417499086162 5242.390016051045 276.7149136554769
0 18 23309.690875751177 23264.861578327473 -11082.94408214285 23375.525511292908 23683.26086034979 -11104.528514558768 23736.71930137572 -11231.856941191101 23543.49674803895 -11116.795952099561
0 19 5069.497389992874 5025.133057038058 281.43141459192293 5125.072363031985 5381.397959719979 276.8168498317489 5407.304506672143 248.6769933922423 5242.462391457321 276.68737941648254
0 20 -2411.541427574792 -2413.225372210977 -2521.358004677625 -2407.392474023023 -2408.7823052203294 -2523.4080806052257 -2410.5492608725117 -2537.002749015985 -2426.2532982364787 -2526.094624852233
0 21 -11648.791275261348 -11619.145856508072 2444.860391188286 -11689.382758400794 -11886.748841129453 2453.187750482102 -11916.619166730716 2529.7249053704045 -11812.382686449515 2457.0204900460735
0 22 -22522.292345886563 -22540.0431403869 -72063.74304535838 -22514.223998287405 -22414.98161089887 -72176.83803851198 -22440.546462754275 -72772.49761784941 -22478.27136267626 -72250.50797162208 -295.7802240863575
1 0 -1837.0562203195966
1 1 -1837.2290951838684
1 2 1091.050619158636
1 3 -1837.4217287955403
1 4 -1837.946002502683
1 5 1091.8691421988199
1 6 -1839.3026669748986
1 7 1096.2252053428517
1 8 -1838.3345354056278
1 9 1092.4310099824118
