## ListNet
## Epochs = 6000
## No. of features = 22
1 2 3 4 5 6 7 8 9 10 11 12 13 14 15 16 17 18 19 20 21 22
0
0 0 -0.09094082965161848
0 1 0.02275088215426965
0 2 -0.08149435182202
0 3 -0.053932772992142046
0 4 0.03679047395917139
0 5 0.03349773325078972
0 6 -0.08290031878841694
0 7 0.019542474224389757
0 8 -0.055786778449396626
0 9 -0.03230138289374416
0 10 0.11549751738970405
0 11 0.0907199894126005
0 12 -0.2992252020701025
0 13 -0.06127585258542557
0 14 -0.060585019767804026
0 15 0.11193180792511581
0 16 0.05672070987941575
0 17 -0.03852263708178201
0 18 0.025025003692253824
0 19 0.013555630477627256
0 20 0.06490664712658219
0 21 0.03975990901649418
0 22 0.06780018657445908
