## ListNet
## Epochs = 10000
## No. of features = 22
1 2 3 4 5 6 7 8 9 10 11 12 13 14 15 16 17 18 19 20 21 22
0
0 0 -0.058928462014023665
0 1 -0.007418595738930703
0 2 -0.08568637824838954
0 3 0.022308575234233196
0 4 8.675915847225728E-4
0 5 0.003366380902340737
0 6 -0.09363581610919029
0 7 -0.08419173925003379
0 8 5.01091939238959E-4
0 9 -0.12970692939925388
0 10 0.12634741689572543
0 11 -0.09209931122949688
0 12 -0.9793216899194434
0 13 -0.07797416435126343
0 14 0.05376046386426507
0 15 0.10063881125379069
0 16 0.005957563114272952
0 17 -0.028150998337356604
0 18 -0.01079128464086531
0 19 0.03419339349290911
0 20 -0.13035349312062725
0 21 0.05297989060740527
0 22 0.052424460649490356
