## ListNet
## Epochs = 10000
## No. of features = 22
1 2 3 4 5 6 7 8 9 10 11 12 13 14 15 16 17 18 19 20 21 22
0
0 0 -0.18418495152317826
0 1 0.11262768539638793
0 2 -0.13472702017482788
0 3 0.044656003197342954
0 4 0.007150341078937765
0 5 -0.0934413784659463
0 6 -0.10139658850740403
0 7 -0.024332655755328596
0 8 -0.005506505354782213
0 9 -0.003600510068003087
0 10 0.12354104057110703
0 11 0.02408370470746843
0 12 -1.07948740654903
0 13 -0.13069113895030718
0 14 0.041047507532961124
0 15 0.02211620907899025
0 16 0.02862300968742817
0 17 -0.06748133572164544
0 18 0.090668920605368
0 19 -0.005763782657420519
0 20 -0.13308276556713508
0 21 0.05009435022610291
0 22 0.08109073340892792
